SolidWorks IGES file using analytic representation for surfaces         S      1
1H,,1H;,5HPart1,128HC:\Users\IGOR RANGEL\Documents\LEMI\3Dmap\LEMI_platfG      1
orm_v2024\Mapa-Misturadores_LEMI-v2024\LowPressure_Setup1_XYZcoordinatesG      2
.IGS,15HSolidWorks 2023,15HSolidWorks 2023,32,308,15,308,15,5HPart1,1., G      3
2,2HMM,50,0.125,13H241102.171719,1E-08,499990.,11HIGOR RANGEL,,11,0,13H2G      4
41102.171719;                                                           G      5
     116       1       0       0       0                        00000000D      1
     116       0       0       1       0                               0D      2
     116       2       0       0       0                        00000000D      3
     116       0       0       1       0                               0D      4
     116       3       0       0       0                        00000000D      5
     116       0       0       1       0                               0D      6
     116       4       0       0       0                        00000000D      7
     116       0       0       1       0                               0D      8
     116       5       0       0       0                        00000000D      9
     116       0       0       1       0                               0D     10
     116       6       0       0       0                        00000000D     11
     116       0       0       1       0                               0D     12
     116       7       0       0       0                        00000000D     13
     116       0       0       1       0                               0D     14
     116       8       0       0       0                        00000000D     15
     116       0       0       1       0                               0D     16
     116       9       0       0       0                        00000000D     17
     116       0       0       1       0                               0D     18
     116      10       0       0       0                        00000000D     19
     116       0       0       1       0                               0D     20
     116      11       0       0       0                        00000000D     21
     116       0       0       1       0                               0D     22
     116      12       0       0       0                        00000000D     23
     116       0       0       1       0                               0D     24
     116      13       0       0       0                        00000000D     25
     116       0       0       1       0                               0D     26
     116      14       0       0       0                        00000000D     27
     116       0       0       1       0                               0D     28
     116      15       0       0       0                        00000000D     29
     116       0       0       1       0                               0D     30
     116      16       0       0       0                        00000000D     31
     116       0       0       1       0                               0D     32
     116      17       0       0       0                        00000000D     33
     116       0       0       1       0                               0D     34
     116      18       0       0       0                        00000000D     35
     116       0       0       1       0                               0D     36
     116      19       0       0       0                        00000000D     37
     116       0       0       1       0                               0D     38
     116      20       0       0       0                        00000000D     39
     116       0       0       1       0                               0D     40
     116      21       0       0       0                        00000000D     41
     116       0       0       1       0                               0D     42
     116      22       0       0       0                        00000000D     43
     116       0       0       1       0                               0D     44
     116      23       0       0       0                        00000000D     45
     116       0       0       1       0                               0D     46
     116      24       0       0       0                        00000000D     47
     116       0       0       1       0                               0D     48
     116      25       0       0       0                        00000000D     49
     116       0       0       1       0                               0D     50
     116      26       0       0       0                        00000000D     51
     116       0       0       1       0                               0D     52
     116      27       0       0       0                        00000000D     53
     116       0       0       1       0                               0D     54
     116      28       0       0       0                        00000000D     55
     116       0       0       1       0                               0D     56
     116      29       0       0       0                        00000000D     57
     116       0       0       1       0                               0D     58
     116      30       0       0       0                        00000000D     59
     116       0       0       1       0                               0D     60
     116      31       0       0       0                        00000000D     61
     116       0       0       1       0                               0D     62
     116      32       0       0       0                        00000000D     63
     116       0       0       1       0                               0D     64
     116      33       0       0       0                        00000000D     65
     116       0       0       1       0                               0D     66
     116      34       0       0       0                        00000000D     67
     116       0       0       1       0                               0D     68
     116      35       0       0       0                        00000000D     69
     116       0       0       1       0                               0D     70
     116      36       0       0       0                        00000000D     71
     116       0       0       1       0                               0D     72
     116      37       0       0       0                        00000000D     73
     116       0       0       1       0                               0D     74
     116      38       0       0       0                        00000000D     75
     116       0       0       1       0                               0D     76
     116      39       0       0       0                        00000000D     77
     116       0       0       1       0                               0D     78
     116      40       0       0       0                        00000000D     79
     116       0       0       1       0                               0D     80
     116      41       0       0       0                        00000000D     81
     116       0       0       1       0                               0D     82
     116      42       0       0       0                        00000000D     83
     116       0       0       1       0                               0D     84
     116      43       0       0       0                        00000000D     85
     116       0       0       1       0                               0D     86
     116      44       0       0       0                        00000000D     87
     116       0       0       1       0                               0D     88
     116      45       0       0       0                        00000000D     89
     116       0       0       1       0                               0D     90
     116      46       0       0       0                        00000000D     91
     116       0       0       1       0                               0D     92
     116      47       0       0       0                        00000000D     93
     116       0       0       1       0                               0D     94
     116      48       0       0       0                        00000000D     95
     116       0       0       1       0                               0D     96
     116      49       0       0       0                        00000000D     97
     116       0       0       1       0                               0D     98
     116      50       0       0       0                        00000000D     99
     116       0       0       1       0                               0D    100
     116      51       0       0       0                        00000000D    101
     116       0       0       1       0                               0D    102
     116      52       0       0       0                        00000000D    103
     116       0       0       1       0                               0D    104
     116      53       0       0       0                        00000000D    105
     116       0       0       1       0                               0D    106
     116      54       0       0       0                        00000000D    107
     116       0       0       1       0                               0D    108
     116      55       0       0       0                        00000000D    109
     116       0       0       1       0                               0D    110
     116      56       0       0       0                        00000000D    111
     116       0       0       1       0                               0D    112
     116      57       0       0       0                        00000000D    113
     116       0       0       1       0                               0D    114
     116      58       0       0       0                        00000000D    115
     116       0       0       1       0                               0D    116
     116      59       0       0       0                        00000000D    117
     116       0       0       1       0                               0D    118
     116      60       0       0       0                        00000000D    119
     116       0       0       1       0                               0D    120
     116      61       0       0       0                        00000000D    121
     116       0       0       1       0                               0D    122
     116      62       0       0       0                        00000000D    123
     116       0       0       1       0                               0D    124
     116      63       0       0       0                        00000000D    125
     116       0       0       1       0                               0D    126
     116      64       0       0       0                        00000000D    127
     116       0       0       1       0                               0D    128
     116      65       0       0       0                        00000000D    129
     116       0       0       1       0                               0D    130
     116      66       0       0       0                        00000000D    131
     116       0       0       1       0                               0D    132
     116      67       0       0       0                        00000000D    133
     116       0       0       1       0                               0D    134
     116      68       0       0       0                        00000000D    135
     116       0       0       1       0                               0D    136
     116      69       0       0       0                        00000000D    137
     116       0       0       1       0                               0D    138
     116      70       0       0       0                        00000000D    139
     116       0       0       1       0                               0D    140
     116      71       0       0       0                        00000000D    141
     116       0       0       1       0                               0D    142
     116      72       0       0       0                        00000000D    143
     116       0       0       1       0                               0D    144
     116      73       0       0       0                        00000000D    145
     116       0       0       1       0                               0D    146
     116      74       0       0       0                        00000000D    147
     116       0       0       1       0                               0D    148
     116      75       0       0       0                        00000000D    149
     116       0       0       1       0                               0D    150
     116      76       0       0       0                        00000000D    151
     116       0       0       1       0                               0D    152
     116      77       0       0       0                        00000000D    153
     116       0       0       1       0                               0D    154
     116      78       0       0       0                        00000000D    155
     116       0       0       1       0                               0D    156
     116      79       0       0       0                        00000000D    157
     116       0       0       1       0                               0D    158
     116      80       0       0       0                        00000000D    159
     116       0       0       1       0                               0D    160
     116      81       0       0       0                        00000000D    161
     116       0       0       1       0                               0D    162
     116      82       0       0       0                        00000000D    163
     116       0       0       1       0                               0D    164
     116      83       0       0       0                        00000000D    165
     116       0       0       1       0                               0D    166
     116      84       0       0       0                        00000000D    167
     116       0       0       1       0                               0D    168
     116      85       0       0       0                        00000000D    169
     116       0       0       1       0                               0D    170
     116      86       0       0       0                        00000000D    171
     116       0       0       1       0                               0D    172
     116      87       0       0       0                        00000000D    173
     116       0       0       1       0                               0D    174
     116      88       0       0       0                        00000000D    175
     116       0       0       1       0                               0D    176
     116      89       0       0       0                        00000000D    177
     116       0       0       1       0                               0D    178
     116      90       0       0       0                        00000000D    179
     116       0       0       1       0                               0D    180
     116      91       0       0       0                        00000000D    181
     116       0       0       1       0                               0D    182
     116      92       0       0       0                        00000000D    183
     116       0       0       1       0                               0D    184
     116      93       0       0       0                        00000000D    185
     116       0       0       1       0                               0D    186
     116      94       0       0       0                        00000000D    187
     116       0       0       1       0                               0D    188
     116      95       0       0       0                        00000000D    189
     116       0       0       1       0                               0D    190
     116      96       0       0       0                        00000000D    191
     116       0       0       1       0                               0D    192
     116      97       0       0       0                        00000000D    193
     116       0       0       1       0                               0D    194
     116      98       0       0       0                        00000000D    195
     116       0       0       1       0                               0D    196
     116      99       0       0       0                        00000000D    197
     116       0       0       1       0                               0D    198
     116     100       0       0       0                        00000000D    199
     116       0       0       1       0                               0D    200
     116     101       0       0       0                        00000000D    201
     116       0       0       1       0                               0D    202
     116     102       0       0       0                        00000000D    203
     116       0       0       1       0                               0D    204
     116     103       0       0       0                        00000000D    205
     116       0       0       1       0                               0D    206
     116     104       0       0       0                        00000000D    207
     116       0       0       1       0                               0D    208
     116     105       0       0       0                        00000000D    209
     116       0       0       1       0                               0D    210
     116     106       0       0       0                        00000000D    211
     116       0       0       1       0                               0D    212
     116     107       0       0       0                        00000000D    213
     116       0       0       1       0                               0D    214
     116     108       0       0       0                        00000000D    215
     116       0       0       1       0                               0D    216
     116     109       0       0       0                        00000000D    217
     116       0       0       1       0                               0D    218
     116     110       0       0       0                        00000000D    219
     116       0       0       1       0                               0D    220
     116     111       0       0       0                        00000000D    221
     116       0       0       1       0                               0D    222
     116     112       0       0       0                        00000000D    223
     116       0       0       1       0                               0D    224
     116     113       0       0       0                        00000000D    225
     116       0       0       1       0                               0D    226
     116     114       0       0       0                        00000000D    227
     116       0       0       1       0                               0D    228
     116     115       0       0       0                        00000000D    229
     116       0       0       1       0                               0D    230
     116     116       0       0       0                        00000000D    231
     116       0       0       1       0                               0D    232
     116     117       0       0       0                        00000000D    233
     116       0       0       1       0                               0D    234
     116     118       0       0       0                        00000000D    235
     116       0       0       1       0                               0D    236
     116     119       0       0       0                        00000000D    237
     116       0       0       1       0                               0D    238
     116     120       0       0       0                        00000000D    239
     116       0       0       1       0                               0D    240
     116     121       0       0       0                        00000000D    241
     116       0       0       1       0                               0D    242
     116     122       0       0       0                        00000000D    243
     116       0       0       1       0                               0D    244
     116     123       0       0       0                        00000000D    245
     116       0       0       1       0                               0D    246
     116     124       0       0       0                        00000000D    247
     116       0       0       1       0                               0D    248
     116     125       0       0       0                        00000000D    249
     116       0       0       1       0                               0D    250
     116     126       0       0       0                        00000000D    251
     116       0       0       1       0                               0D    252
     116     127       0       0       0                        00000000D    253
     116       0       0       1       0                               0D    254
     116     128       0       0       0                        00000000D    255
     116       0       0       1       0                               0D    256
     116     129       0       0       0                        00000000D    257
     116       0       0       1       0                               0D    258
     116     130       0       0       0                        00000000D    259
     116       0       0       1       0                               0D    260
     116     131       0       0       0                        00000000D    261
     116       0       0       1       0                               0D    262
     116     132       0       0       0                        00000000D    263
     116       0       0       1       0                               0D    264
     116     133       0       0       0                        00000000D    265
     116       0       0       1       0                               0D    266
     116     134       0       0       0                        00000000D    267
     116       0       0       1       0                               0D    268
     116     135       0       0       0                        00000000D    269
     116       0       0       1       0                               0D    270
     116     136       0       0       0                        00000000D    271
     116       0       0       1       0                               0D    272
     116     137       0       0       0                        00000000D    273
     116       0       0       1       0                               0D    274
     116     138       0       0       0                        00000000D    275
     116       0       0       1       0                               0D    276
     116     139       0       0       0                        00000000D    277
     116       0       0       1       0                               0D    278
     116     140       0       0       0                        00000000D    279
     116       0       0       1       0                               0D    280
     116     141       0       0       0                        00000000D    281
     116       0       0       1       0                               0D    282
     116     142       0       0       0                        00000000D    283
     116       0       0       1       0                               0D    284
     116     143       0       0       0                        00000000D    285
     116       0       0       1       0                               0D    286
     116     144       0       0       0                        00000000D    287
     116       0       0       1       0                               0D    288
     116     145       0       0       0                        00000000D    289
     116       0       0       1       0                               0D    290
     116     146       0       0       0                        00000000D    291
     116       0       0       1       0                               0D    292
     116     147       0       0       0                        00000000D    293
     116       0       0       1       0                               0D    294
     116     148       0       0       0                        00000000D    295
     116       0       0       1       0                               0D    296
     116     149       0       0       0                        00000000D    297
     116       0       0       1       0                               0D    298
     116     150       0       0       0                        00000000D    299
     116       0       0       1       0                               0D    300
     116     151       0       0       0                        00000000D    301
     116       0       0       1       0                               0D    302
     116     152       0       0       0                        00000000D    303
     116       0       0       1       0                               0D    304
     116     153       0       0       0                        00000000D    305
     116       0       0       1       0                               0D    306
     116     154       0       0       0                        00000000D    307
     116       0       0       1       0                               0D    308
     116     155       0       0       0                        00000000D    309
     116       0       0       1       0                               0D    310
     116     156       0       0       0                        00000000D    311
     116       0       0       1       0                               0D    312
     116     157       0       0       0                        00000000D    313
     116       0       0       1       0                               0D    314
     116     158       0       0       0                        00000000D    315
     116       0       0       1       0                               0D    316
     116     159       0       0       0                        00000000D    317
     116       0       0       1       0                               0D    318
     116     160       0       0       0                        00000000D    319
     116       0       0       1       0                               0D    320
     116     161       0       0       0                        00000000D    321
     116       0       0       1       0                               0D    322
     116     162       0       0       0                        00000000D    323
     116       0       0       1       0                               0D    324
     116     163       0       0       0                        00000000D    325
     116       0       0       1       0                               0D    326
     116     164       0       0       0                        00000000D    327
     116       0       0       1       0                               0D    328
     116     165       0       0       0                        00000000D    329
     116       0       0       1       0                               0D    330
     116     166       0       0       0                        00000000D    331
     116       0       0       1       0                               0D    332
     116     167       0       0       0                        00000000D    333
     116       0       0       1       0                               0D    334
     116     168       0       0       0                        00000000D    335
     116       0       0       1       0                               0D    336
     116     169       0       0       0                        00000000D    337
     116       0       0       1       0                               0D    338
     116     170       0       0       0                        00000000D    339
     116       0       0       1       0                               0D    340
     116     171       0       0       0                        00000000D    341
     116       0       0       1       0                               0D    342
     116     172       0       0       0                        00000000D    343
     116       0       0       1       0                               0D    344
     116     173       0       0       0                        00000000D    345
     116       0       0       1       0                               0D    346
     116     174       0       0       0                        00000000D    347
     116       0       0       1       0                               0D    348
     116     175       0       0       0                        00000000D    349
     116       0       0       1       0                               0D    350
     116     176       0       0       0                        00000000D    351
     116       0       0       1       0                               0D    352
     116     177       0       0       0                        00000000D    353
     116       0       0       1       0                               0D    354
     116     178       0       0       0                        00000000D    355
     116       0       0       1       0                               0D    356
     116     179       0       0       0                        00000000D    357
     116       0       0       1       0                               0D    358
     116     180       0       0       0                        00000000D    359
     116       0       0       1       0                               0D    360
     116     181       0       0       0                        00000000D    361
     116       0       0       1       0                               0D    362
     116     182       0       0       0                        00000000D    363
     116       0       0       1       0                               0D    364
     116     183       0       0       0                        00000000D    365
     116       0       0       1       0                               0D    366
     116     184       0       0       0                        00000000D    367
     116       0       0       1       0                               0D    368
     116     185       0       0       0                        00000000D    369
     116       0       0       1       0                               0D    370
     116     186       0       0       0                        00000000D    371
     116       0       0       1       0                               0D    372
     116     187       0       0       0                        00000000D    373
     116       0       0       1       0                               0D    374
     116     188       0       0       0                        00000000D    375
     116       0       0       1       0                               0D    376
     116     189       0       0       0                        00000000D    377
     116       0       0       1       0                               0D    378
     116     190       0       0       0                        00000000D    379
     116       0       0       1       0                               0D    380
     116     191       0       0       0                        00000000D    381
     116       0       0       1       0                               0D    382
     116     192       0       0       0                        00000000D    383
     116       0       0       1       0                               0D    384
     116     193       0       0       0                        00000000D    385
     116       0       0       1       0                               0D    386
     116     194       0       0       0                        00000000D    387
     116       0       0       1       0                               0D    388
     116     195       0       0       0                        00000000D    389
     116       0       0       1       0                               0D    390
     116     196       0       0       0                        00000000D    391
     116       0       0       1       0                               0D    392
     116     197       0       0       0                        00000000D    393
     116       0       0       1       0                               0D    394
     116     198       0       0       0                        00000000D    395
     116       0       0       1       0                               0D    396
     116     199       0       0       0                        00000000D    397
     116       0       0       1       0                               0D    398
     116     200       0       0       0                        00000000D    399
     116       0       0       1       0                               0D    400
     116     201       0       0       0                        00000000D    401
     116       0       0       1       0                               0D    402
     116     202       0       0       0                        00000000D    403
     116       0       0       1       0                               0D    404
     116     203       0       0       0                        00000000D    405
     116       0       0       1       0                               0D    406
     116     204       0       0       0                        00000000D    407
     116       0       0       1       0                               0D    408
     116     205       0       0       0                        00000000D    409
     116       0       0       1       0                               0D    410
     116     206       0       0       0                        00000000D    411
     116       0       0       1       0                               0D    412
     116     207       0       0       0                        00000000D    413
     116       0       0       1       0                               0D    414
     116     208       0       0       0                        00000000D    415
     116       0       0       1       0                               0D    416
     116     209       0       0       0                        00000000D    417
     116       0       0       1       0                               0D    418
     116     210       0       0       0                        00000000D    419
     116       0       0       1       0                               0D    420
     116     211       0       0       0                        00000000D    421
     116       0       0       1       0                               0D    422
     116     212       0       0       0                        00000000D    423
     116       0       0       1       0                               0D    424
     116     213       0       0       0                        00000000D    425
     116       0       0       1       0                               0D    426
     116     214       0       0       0                        00000000D    427
     116       0       0       1       0                               0D    428
     116     215       0       0       0                        00000000D    429
     116       0       0       1       0                               0D    430
     116     216       0       0       0                        00000000D    431
     116       0       0       1       0                               0D    432
     116     217       0       0       0                        00000000D    433
     116       0       0       1       0                               0D    434
     116     218       0       0       0                        00000000D    435
     116       0       0       1       0                               0D    436
     116     219       0       0       0                        00000000D    437
     116       0       0       1       0                               0D    438
     116     220       0       0       0                        00000000D    439
     116       0       0       1       0                               0D    440
     116     221       0       0       0                        00000000D    441
     116       0       0       1       0                               0D    442
     116     222       0       0       0                        00000000D    443
     116       0       0       1       0                               0D    444
     116     223       0       0       0                        00000000D    445
     116       0       0       1       0                               0D    446
     116     224       0       0       0                        00000000D    447
     116       0       0       1       0                               0D    448
     116     225       0       0       0                        00000000D    449
     116       0       0       1       0                               0D    450
     116     226       0       0       0                        00000000D    451
     116       0       0       1       0                               0D    452
     116     227       0       0       0                        00000000D    453
     116       0       0       1       0                               0D    454
     116     228       0       0       0                        00000000D    455
     116       0       0       1       0                               0D    456
     116     229       0       0       0                        00000000D    457
     116       0       0       1       0                               0D    458
     116     230       0       0       0                        00000000D    459
     116       0       0       1       0                               0D    460
     116     231       0       0       0                        00000000D    461
     116       0       0       1       0                               0D    462
     116     232       0       0       0                        00000000D    463
     116       0       0       1       0                               0D    464
     116     233       0       0       0                        00000000D    465
     116       0       0       1       0                               0D    466
     116     234       0       0       0                        00000000D    467
     116       0       0       1       0                               0D    468
     116     235       0       0       0                        00000000D    469
     116       0       0       1       0                               0D    470
     116     236       0       0       0                        00000000D    471
     116       0       0       1       0                               0D    472
     116     237       0       0       0                        00000000D    473
     116       0       0       1       0                               0D    474
     116     238       0       0       0                        00000000D    475
     116       0       0       1       0                               0D    476
     116     239       0       0       0                        00000000D    477
     116       0       0       1       0                               0D    478
     116     240       0       0       0                        00000000D    479
     116       0       0       1       0                               0D    480
     116     241       0       0       0                        00000000D    481
     116       0       0       1       0                               0D    482
     116     242       0       0       0                        00000000D    483
     116       0       0       1       0                               0D    484
     116     243       0       0       0                        00000000D    485
     116       0       0       1       0                               0D    486
     116     244       0       0       0                        00000000D    487
     116       0       0       1       0                               0D    488
     116     245       0       0       0                        00000000D    489
     116       0       0       1       0                               0D    490
     116     246       0       0       0                        00000000D    491
     116       0       0       1       0                               0D    492
     116     247       0       0       0                        00000000D    493
     116       0       0       1       0                               0D    494
     116     248       0       0       0                        00000000D    495
     116       0       0       1       0                               0D    496
     116     249       0       0       0                        00000000D    497
     116       0       0       1       0                               0D    498
     116     250       0       0       0                        00000000D    499
     116       0       0       1       0                               0D    500
     116     251       0       0       0                        00000000D    501
     116       0       0       1       0                               0D    502
     116     252       0       0       0                        00000000D    503
     116       0       0       1       0                               0D    504
     116     253       0       0       0                        00000000D    505
     116       0       0       1       0                               0D    506
     402     254       0       0       0                        00000000D    507
     402       0       0      16      15                3DSKETCH       1D    508
     314     270       0       0       0                        00000200D    509
     314       0       8       1       0                               0D    510
116,2400.,1025.,-19080.,;                                              1P      1
116,2050.,1025.,-19080.,;                                              3P      2
116,1680.,1025.,-19080.,;                                              5P      3
116,2400.,662.,-19080.,;                                               7P      4
116,2063.710678119,662.,-19080.,;                                      9P      5
116,2055.348877629,662.704155423,-19080.,;                            11P      6
116,2049.138564487,664.170579093,-19080.,;                            13P      7
116,2044.5765065,665.806023374,-19080.,;                              15P      8
116,2038.765908876,668.666889248,-19080.,;                            17P      9
116,2033.093103225,672.470718351,-19080.,;                            19P     10
116,2028.355339059,676.644660941,-19080.,;                            21P     11
116,1854.17766953,850.82233047,-19080.,;                              23P     12
116,2400.,200.,-19080.,;                                              25P     13
116,1995.710678119,200.,-19080.,;                                     27P     14
116,1989.309977636,200.411382018,-19080.,;                            29P     15
116,1982.84984418,201.682312241,-19080.,;                             31P     16
116,1976.5765065,203.806023374,-19080.,;                              33P     17
116,1969.571678389,207.376618,-19080.,;                               35P     18
116,1964.704420392,210.774855236,-19080.,;                            37P     19
116,1960.355339059,214.644660941,-19080.,;                            39P     20
116,1555.17766953,619.82233047,-19080.,;                              41P     21
116,1150.,1025.,-19080.,;                                             43P     22
116,850.,1025.,-19080.,;                                              45P     23
116,400.,1025.,-19080.,;                                              47P     24
116,361.751666746,1025.,-19078.167131998,;                            49P     25
116,329.307433241,1025.,-19073.703646167,;                            51P     26
116,299.100864855,1025.,-19067.065064979,;                            53P     27
116,272.770546388,1025.,-19059.226404848,;                            55P     28
116,237.07420108,1025.,-19045.315184528,;                             57P     29
116,205.138467915,1025.,-19029.32647096,;                             59P     30
116,176.780825428,1025.,-19011.923485314,;                            61P     31
116,148.979949959,1025.,-18991.430464915,;                            63P     32
116,117.157287525,1025.,-18962.842712475,;                            65P     33
116,90.619203002,1025.,-18933.541954021,;                             67P     34
116,68.932834013,1025.,-18904.487263794,;                             69P     35
116,52.628181233,1025.,-18878.325035047,;                             71P     36
116,34.967722097,1025.,-18843.558662531,;                             73P     37
116,19.307056975,1025.,-18802.77167072,;                              75P     38
116,8.850819759,1025.,-18763.679858966,;                              77P     39
116,2.759542465,1025.,-18726.904359045,;                              79P     40
116,0.,1025.,-18680.,;                                                81P     41
116,0.,1025.,-18390.355339059,;                                       83P     42
116,0.,1025.,-18100.710678119,;                                       85P     43
116,0.050758029,1025.,-18098.458295712,;                              87P     44
116,0.198692713,1025.,-18096.257612606,;                              89P     45
116,0.485146826,1025.,-18093.762346296,;                              91P     46
116,0.972143341,1025.,-18090.898987569,;                              93P     47
116,1.556510418,1025.,-18088.33213551,;                               95P     48
116,2.436656486,1025.,-18085.292236115,;                              97P     49
116,3.806023374,1025.,-18081.5765065,;                                99P     50
116,5.610773467,1025.,-18077.697712908,;                             101P     51
116,8.591143137,1025.,-18072.687356165,;                             103P     52
116,10.618877062,1025.,-18069.902770755,;                            105P     53
116,14.644660941,1025.,-18065.355339059,;                            107P     54
116,300.,1025.,-17780.,;                                             109P     55
116,585.355339059,1025.,-17494.644660941,;                           111P     56
116,587.712600545,1025.,-17492.118573474,;                           113P     57
116,589.789277865,1025.,-17489.568248001,;                           115P     58
116,591.85104394,1025.,-17486.647869378,;                            117P     59
116,593.620088395,1025.,-17483.728795861,;                           119P     60
116,594.843723473,1025.,-17481.403581197,;                           121P     61
116,596.193976626,1025.,-17478.4234935,;                             123P     62
116,597.437711463,1025.,-17475.090066519,;                           125P     63
116,598.473065732,1025.,-17471.551536139,;                           127P     64
116,599.288075262,1025.,-17467.696796949,;                           129P     65
116,599.769017712,1025.,-17464.089829765,;                           131P     66
116,599.954383165,1025.,-17461.424644481,;                           133P     67
116,600.,1025.,-17459.289321881,;                                    135P     68
116,600.,1025.,-17169.644660941,;                                    137P     69
116,600.,1025.,-16830.,;                                             139P     70
116,600.,1025.,-16780.,;                                             141P     71
116,600.,1024.916065551,-16761.231131267,;                           143P     72
116,600.,1024.719520652,-16745.780092661,;                           145P     73
116,600.,1024.479419719,-16733.475189514,;                           147P     74
116,600.,1023.996530219,-16715.592498499,;                           149P     75
116,600.,1023.462717186,-16700.4698824,;                             151P     76
116,600.,1022.829358943,-16685.708018328,;                           153P     77
116,600.,1022.187919384,-16672.879034133,;                           155P     78
116,600.,1021.163024696,-16655.185116149,;                           157P     79
116,600.,1018.843205455,-16622.572078657,;                           159P     80
116,600.,1015.849687758,-16588.83858171,;                            161P     81
116,600.,1013.519751869,-16566.380169024,;                           163P     82
116,600.,1009.588738223,-16533.229460923,;                           165P     83
116,600.,1005.268350967,-16501.406875346,;                           167P     84
116,600.,1001.595523876,-16476.984411442,;                           169P     85
116,600.,997.082763741,-16449.395146834,;                            171P     86
116,600.,990.840979871,-16414.490539485,;                            173P     87
116,600.,983.016632863,-16374.572921659,;                            175P     88
116,600.,974.62112583,-16335.091427891,;                             177P     89
116,600.,961.143512059,-16276.545863353,;                            179P     90
116,600.,949.248374767,-16228.056655777,;                            181P     91
116,600.,938.72638343,-16186.653112106,;                             183P     92
116,600.,927.156171404,-16141.97969409,;                             185P     93
116,600.,913.895622679,-16091.033740762,;                            187P     94
116,600.,902.017563263,-16044.884431634,;                            189P     95
116,600.,893.790059154,-16012.244124208,;                            191P     96
116,600.,886.115468335,-15981.030336172,;                            193P     97
116,600.,880.989075542,-15959.63995839,;                             195P     98
116,600.,872.740955063,-15924.055345665,;                            197P     99
116,600.,866.602272682,-15896.39702597,;                             199P    100
116,600.,859.520636804,-15862.886749202,;                            201P    101
116,600.,851.154775302,-15820.388641799,;                            203P    102
116,600.,842.966952777,-15774.527829727,;                            205P    103
116,600.,835.861197712,-15729.654032759,;                            207P    104
116,600.,829.322082482,-15681.764128279,;                            209P    105
116,600.,823.183224099,-15626.584968978,;                            211P    106
116,600.,817.682320979,-15557.551008321,;                            213P    107
116,600.,814.521590861,-15482.345885052,;                            215P    108
116,600.,814.581391885,-15396.913112594,;                            217P    109
116,600.,818.126311313,-15317.957901421,;                            219P    110
116,600.,828.190658846,-15211.907229255,;                            221P    111
116,600.,845.477363327,-15099.561153912,;                            223P    112
116,600.,871.663002661,-14978.332589805,;                            225P    113
116,600.,903.566940613,-14862.594200624,;                            227P    114
116,600.,937.189233936,-14758.251985023,;                            229P    115
116,600.,976.62602386,-14643.909081466,;                             231P    116
116,600.,1005.355648971,-14552.892638397,;                           233P    117
116,600.,1017.043333212,-14504.223490689,;                           235P    118
116,600.,1020.567032334,-14484.298373881,;                           237P    119
116,600.,1022.539481082,-14469.894873269,;                           239P    120
116,600.,1023.497908229,-14460.911778827,;                           241P    121
116,600.,1024.36783631,-14449.855660728,;                            243P    122
116,600.,1024.857880678,-14439.329820572,;                           245P    123
116,600.,1025.,-14430.,;                                             247P    124
116,600.,1025.,-600.,;                                               249P    125
116,600.,1025.,-9815.,;                                              251P    126
116,599.625867145,1025.,-578.814640641,;                             253P    127
116,598.186736341,1025.,-553.388537188,;                             255P    128
116,600.,1025.,-9115.,;                                              257P    129
116,600.,1025.,-8615.,;                                              259P    130
116,600.,1025.,-8115.,;                                              261P    131
116,600.,1025.,-7670.,;                                              263P    132
116,600.,1025.,-5170.,;                                              265P    133
116,600.,1025.,-4975.,;                                              267P    134
116,595.34925474,1025.,-525.439521991,;                              269P    135
116,591.327856702,1025.,-498.356673175,;                             271P    136
116,585.412981465,1025.,-468.502315105,;                             273P    137
116,579.166211758,1025.,-443.262961753,;                             275P    138
116,569.975577064,1025.,-412.575771176,;                             277P    139
116,560.074258756,1025.,-384.786560179,;                             279P    140
116,550.674116694,1025.,-361.760588476,;                             281P    141
116,540.318898179,1025.,-339.125531585,;                             283P    142
116,526.324180477,1025.,-311.932547752,;                             285P    143
116,507.615922341,1025.,-280.115528063,;                             287P    144
116,487.381371566,1025.,-250.058006735,;                             289P    145
116,464.676977402,1025.,-220.427468496,;                             291P    146
116,443.416024362,1025.,-195.794322975,;                             293P    147
116,419.015651149,1025.,-170.551651427,;                             295P    148
116,387.506496039,1025.,-141.918440093,;                             297P    149
116,347.84269765,1025.,-111.118155695,;                              299P    150
116,307.846191592,1025.,-84.994444377,;                              301P    151
116,263.046187571,1025.,-60.735034325,;                              303P    152
116,219.011092662,1025.,-41.399837727,;                              305P    153
116,179.678045846,1025.,-27.53532874,;                               307P    154
116,139.487598042,1025.,-16.43919769,;                               309P    155
116,105.883042637,1025.,-9.41657551,;                                311P    156
116,74.166094325,1025.,-4.601486017,;                                313P    157
116,58.495070576,1025.,-2.858202168,;                                315P    158
116,44.879445761,1025.,-1.680824853,;                                317P    159
116,30.646696243,1025.,-0.783194487,;                                319P    160
116,13.927434295,1025.,-0.161666302,;                                321P    161
116,0.,1025.,0.,;                                                    323P    162
116,-5.718893203,1025.,-0.027255402,;                                325P    163
116,-8.948808453,1025.,-0.066738022,;                                327P    164
116,-12.738722235,1025.,-0.135244446,;                               329P    165
116,-17.992662501,1025.,-0.269840598,;                               331P    166
116,-23.010688902,1025.,-0.441405536,;                               333P    167
116,-30.538304591,1025.,-0.77766067,;                                335P    168
116,-37.497917909,1025.,-1.172891268,;                               337P    169
116,-44.410569756,1025.,-1.645839578,;                               339P    170
116,-51.552342342,1025.,-2.218805917,;                               341P    171
116,-59.130534544,1025.,-2.920792621,;                               343P    172
116,-67.898148432,1025.,-3.854177705,;                               345P    173
116,-75.173056017,1025.,-4.727783574,;                               347P    174
116,-82.867055314,1025.,-5.750009555,;                               349P    175
116,-92.607096115,1025.,-7.189806305,;                               351P    176
116,-102.259566234,1025.,-8.778399317,;                              353P    177
116,-110.287850501,1025.,-10.223271032,;                             355P    178
116,-121.029889218,1025.,-12.333627033,;                             357P    179
116,-130.888595704,1025.,-14.450535382,;                             359P    180
116,-140.271544104,1025.,-16.627139888,;                             361P    181
116,-186.435619311,1025.,-29.700289451,;                             363P    182
116,-258.357588839,1025.,-58.473125054,;                             365P    183
116,-322.126613928,1025.,-93.80394648,;                              367P    184
116,-373.58074072,1025.,-130.492353456,;                             369P    185
116,-426.620664228,1025.,-178.105689949,;                            371P    186
116,-472.415961276,1025.,-230.103853046,;                            373P    187
116,-504.9033885,1025.,-275.851009132,;                              375P    188
116,-534.067443438,1025.,-326.555369665,;                            377P    189
116,-556.939412838,1025.,-376.799439008,;                            379P    190
116,-575.167551642,1025.,-429.171760126,;                            381P    191
116,-589.221750224,1025.,-486.784589991,;                            383P    192
116,-595.54761106,1025.,-527.040813048,;                             385P    193
116,-599.584931162,1025.,-577.686095728,;                            387P    194
116,-600.,1025.,-600.,;                                              389P    195
116,-600.,1025.,-7515.,;                                             391P    196
116,-600.,1025.,-14430.,;                                            393P    197
116,-600.,1006.084807662,-14514.203068796,;                          395P    198
116,-600.,971.249363204,-14594.806111092,;                           397P    199
116,-600.,931.338224653,-14685.556837138,;                           399P    200
116,-600.,901.0638109,-14763.840840982,;                             401P    201
116,-600.,877.811384714,-14834.681145806,;                           403P    202
116,-600.,857.569130421,-14909.368164727,;                           405P    203
116,-600.,841.427421231,-14984.499193593,;                           407P    204
116,-600.,830.005259974,-15054.238036827,;                           409P    205
116,-600.,820.506506945,-15138.129424145,;                           411P    206
116,-600.,815.566654156,-15215.724286965,;                           413P    207
116,-600.,814.066463632,-15293.833585436,;                           415P    208
116,-600.,815.688277008,-15369.056439613,;                           417P    209
116,-600.,820.967880144,-15455.277158234,;                           419P    210
116,-600.,829.272208376,-15538.858082933,;                           421P    211
116,-600.,841.025734227,-15626.744912684,;                           423P    212
116,-600.,856.584597146,-15720.928939654,;                           425P    213
116,-600.,872.690476477,-15805.5058093,;                             427P    214
116,-600.,895.146591475,-15912.441600649,;                           429P    215
116,-600.,919.94297509,-16024.1090772,;                              431P    216
116,-600.,941.479272649,-16120.93520272,;                            433P    217
116,-600.,964.095479515,-16227.829969807,;                           435P    218
116,-600.,976.520305667,-16291.59346909,;                            437P    219
116,-600.,985.802182565,-16343.254282044,;                           439P    220
116,-600.,996.039647205,-16406.496479678,;                           441P    221
116,-600.,1006.483891939,-16482.469805471,;                          443P    222
116,-600.,1012.797707151,-16538.773169868,;                          445P    223
116,-600.,1018.07074258,-16598.228220554,;                           447P    224
116,-600.,1021.003902925,-16641.859086054,;                          449P    225
116,-600.,1023.633512089,-16699.067524054,;                          451P    226
116,-600.,1025.,-16785.,;                                            453P    227
116,-600.,1024.040475687,-16794.243186751,;                          455P    228
116,-600.,1022.605597484,-16799.483199337,;                          457P    229
116,-600.,1019.805253735,-16805.989087047,;                          459P    230
116,-600.,1016.134556853,-16811.819653261,;                          461P    231
116,-600.,1011.819805153,-16816.819805153,;                          463P    232
116,-600.,1006.712499089,-16821.213842552,;                          465P    233
116,-600.,1001.347619873,-16824.614127856,;                          467P    234
116,-600.,993.826129551,-16827.823336414,;                           469P    235
116,-600.,987.669785779,-16829.341564994,;                           471P    236
116,-600.,980.,-16830.,;                                             473P    237
116,-600.,975.,-16830.,;                                             475P    238
116,-600.,400.,-16830.,;                                             477P    239
116,-599.853674144,396.177543414,-16830.,;                           479P    240
116,-598.604546011,388.269778048,-16830.,;                           481P    241
116,-596.778262368,382.342305647,-16830.,;                           483P    242
116,-592.737517957,374.048033622,-16830.,;                           485P    243
116,-587.381915472,366.794693261,-16830.,;                           487P    244
116,-585.355339059,364.644660941,-16830.,;                           489P    245
116,-580.668732637,360.510395818,-16830.,;                           491P    246
116,-573.014791733,355.611720449,-16830.,;                           493P    247
116,-565.824754845,352.570292705,-16830.,;                           495P    248
116,-557.512353296,350.567575945,-16830.,;                           497P    249
116,-550.,350.,-16830.,;                                             499P    250
116,0.,350.,-16830.,;                                                501P    251
116,0.,350.,-18372.823568076,;                                       503P    252
116,0.,350.,-19915.647136151,;                                       505P    253
402,253,1,3,5,7,9,11,13,15,17,19,21,23,25,27,29,31,33,35,37,39,      507P    254
41,43,45,47,49,51,53,55,57,59,61,63,65,67,69,71,73,75,77,79,81,      507P    255
83,85,87,89,91,93,95,97,99,101,103,105,107,109,111,113,115,117,      507P    256
119,121,123,125,127,129,131,133,135,137,139,141,143,145,147,         507P    257
149,151,153,155,157,159,161,163,165,167,169,171,173,175,177,         507P    258
179,181,183,185,187,189,191,193,195,197,199,201,203,205,207,         507P    259
209,211,213,215,217,219,221,223,225,227,229,231,233,235,237,         507P    260
239,241,243,245,247,249,251,253,255,257,259,261,263,265,267,         507P    261
269,271,273,275,277,279,281,283,285,287,289,291,293,295,297,         507P    262
299,301,303,305,307,309,311,313,315,317,319,321,323,325,327,         507P    263
329,331,333,335,337,339,341,343,345,347,349,351,353,355,357,         507P    264
359,361,363,365,367,369,371,373,375,377,379,381,383,385,387,         507P    265
389,391,393,395,397,399,401,403,405,407,409,411,413,415,417,         507P    266
419,421,423,425,427,429,431,433,435,437,439,441,443,445,447,         507P    267
449,451,453,455,457,459,461,463,465,467,469,471,473,475,477,         507P    268
479,481,483,485,487,489,491,493,495,497,499,501,503,505;             507P    269
314,79.2156862745098,81.9607843137255,93.3333333333333,;             509P    270
S      1G      5D    510P    270                                        T      1
